77	
77	
77	
77	
77	
77	
77	
77	
77	
77	
77	
77	
77	
77	
77	
77	
77	
77	
77	
77	
77	
77	
77	
77	
77	
77	
77	
77	
77	
77	
77	
77	
77	
77	
77	
77	
77	
77	
77	
77	
77	
77	
77	
77	
77	
77	
77	
77	
77	
77	
77	
77	
77	
77	
77	
77	
77	
77	
77	
77	
77	
77	
77	
77	
77	
77	
77	
77	
77	
77	
77	
77	
77	
77	
77	
77	
77	
77	
77	
77	
77	
77	
77	
77	
77	
77	
77	
77	
77	
77	
77	
77	
77	
77	
77	
77	
77	
77	
77	
77	
77	
77	
77	
77	
77	
77	
77	
77	
77	
77	
77	
77	
77	
77	
77	
77	
77	
77	
77	
77	
77	
77	
77	
77	
77	
77	
77	
77	
77	
77	
77	
77	
77	
77	
77	
77	
77	
77	
77	
77	
77	
77	
77	
77	
77	
77	
77	
77	
77	
77	
77	
77	
77	
77	
77	
77	
77	
77	
77	
77	
77	
77	
77	
77	
77	
77	
77	
77	
77	
77	
77	
77	
77	
77	
77	
77	
77	
77	
77	
77	
77	
77	
77	
77	
77	
77	
77	
77	
77	
77	
77	
77	
77	
77	
77	
77	
77	
77	
77	
77	
77	
77	
77	
77	
77	
77	
77	
77	
77	
77	
77	
77	
77	
77	
77	
77	
77	
77	
77	
77	
77	
77	
77	
77	
77	
77	
77	
77	
77	
77	
77	
77	
77	
77	
77	
77	
77	
77	
77	
77	
77	
77	
77	
77	
77	
77	
77	
77	
77	
77	
77	
77	
77	
77	
77	
77	
75	
75	
77	
77	
78	
78	
79	
79	
78	
78	
77	
77	
76	
76	
75	
75	
75	
75	
77	
79	
79	
79	
79	
79	
79	
77	
77	
75	
75	
74	
74	
76	
76	
78	
78	
79	
79	
78	
78	
77	
77	
76	
76	
76	
76	
76	
76	
76	
76	
78	
78	
79	
78	
78	
77	
77	
76	
76	
76	
76	
77	
77	
78	
78	
78	
78	
77	
77	
77	
77	
76	
76	
76	
76	
77	
77	
78	
78	
78	
78	
78	
76	
77	
76	
76	
76	
76	
76	
76	
77	
77	
79	
79	
78	
78	
77	
77	
77	
77	
77	
77	
77	
77	
77	
77	
78	
78	
77	
77	
77	
77	
76	
73	
73	
76	
76	
78	
78	
78	
78	
77	
77	
76	
76	
75	
75	
76	
76	
77	
77	
79	
79	
80	
80	
78	
78	
76	
76	
76	
76	
76	
76	
76	
77	
77	
78	
78	
77	
77	
77	
77	
76	
76	
76	
76	
76	
76	
77	
77	
77	
77	
78	
78	
77	
77	
77	
77	
77	
77	
78	
78	
78	
77	
77	
77	
77	
78	
78	
77	
77	
77	
77	
76	
76	
76	
76	
77	
77	
77	
77	
77	
77	
77	
77	
77	
77	
77	
77	
78	
78	
78	
78	
77	
78	
77	
77	
77	
77	
77	
76	
76	
77	
77	
76	
76	
77	
77	
77	
77	
77	
77	
77	
77	
77	
77	
77	
77	
77	
77	
78	
78	
78	
78	
78	
77	
77	
77	
77	
76	
76	
76	
76	
76	
76	
77	
77	
78	
78	
78	
78	
77	
77	
77	
77	
76	
76	
77	
77	
77	
77	
78	
79	
78	
78	
78	
77	
77	
76	
76	
75	
75	
74	
74	
74	
74	
73	
73	
73	
73	
74	
74	
73	
73	
72	
72	
71	
71	
70	
70	
69	
69	
68	
69	
69	
69	
70	
69	
69	
67	
67	
66	
66	
64	
64	
62	
62	
62	
62	
62	
62	
62	
62	
61	
61	
59	
59	
58	
58	
57	
57	
57	
56	
56	
55	
55	
54	
54	
54	
54	
54	
54	
52	
52	
51	
51	
50	
50	
49	
49	
47	
47	
46	
46	
47	
47	
47	
47	
46	
46	
44	
44	
43	
43	
42	
42	
42	
40	
40	
39	
39	
39	
39	
37	
37	
37	
37	
37	
37	
36	
36	
35	
35	
34	
34	
34	
34	
33	
33	
31	
31	
30	
28	
28	
28	
28	
28	
28	
26	
26	
25	
25	
24	
24	
24	
24	
24	
24	
22	
22	
20	
20	
19	
19	
17	
17	
14	
14	
12	
12	
12	
12	
12	
12	
12	
12	
12	
10	
10	
8	
8	
5	
5	
3	
3	
4	
4	
6	
6	
7	
7	
5	
5	
1	
1	
0	
0	
0	
0	
2	
2	
3	
3	
2	
2	
0	
-2	
-2	
-2	
-2	
0	
0	
0	
0	
0	
0	
0	
0	
-1	
-1	
-1	
-1	
-1	
-1	
0	
0	
0	
0	
0	
0	
-1	
-1	
-1	
-1	
-1	
-1	
-1	
-2	
-2	
-2	
-2	
-1	
-1	
-1	
-1	
-1	
-1	
0	
0	
0	
0	
0	
0	
0	
0	
0	
0	
0	
0	
0	
0	
0	
0	
0	
0	
0	
0	
0	
0	
0	
0	
0	
0	
0	
0	
0	
0	
0	
0	
0	
0	
0	
0	
0	
0	
0	
0	
0	
0	
0	
0	
0	
0	
0	
0	
0	
0	
0	
0	
-1	
-1	
-1	
-1	
0	
0	
0	
0	
0	
0	
0	
0	
0	
0	
0	
0	
0	
0	
0	
0	
0	
0	
0	
0	
0	
0	
0	
0	
0	
-1	
-1	
0	
0	
0	
0	
0	
0	
0	
0	
-1	
-1	
-1	
-1	
0	
0	
0	
0	
0	
0	
0	
0	
0	
0	
-1	
-1	
-1	
-1	
0	
0	
0	
0	
0	
0	
0	
-1	
-1	
0	
0	
0	
0	
0	
0	
0	
0	
0	
0	
0	
0	
0	
0	
0	
0	
0	
0	
-1	
-1	
-1	
-1	
-1	
0	
0	
0	
0	
0	
0	
0	
0	
0	
0	
-1	
-1	
-1	
-1	
-1	
-1	
-1	
-1	
0	
0	
0	
0	
-1	
-1	
-1	
-1	
-1	
-1	
0	
0	
0	
0	
-1	
-1	
-1	
-1	
-1	
-1	
-1	
-1	
-1	
0	
0	
0	
0	
0	
0	
-1	
-1	
-1	
-1	
-1	
-1	
-1	
-1	
0	
0	
-1	
-1	
-1	
-1	
-1	
-1	
-1	
-1	
-1	
-1	
-1	
-1	
-1	
-1	
-1	
-1	
-1	
-1	
-1	
-1	
-1	
-1	
-1	
-1	
-1	
-1	
-1	
-1	
-1	
-1	
-1	
-1	
-1	
-1	
-1	
-1	
0	
0	
-1	
-1	
-1	
-1	
-1	
-1	
-1	
-1	
-1	
-1	
-1	
-1	
-1	
-1	
-1	
-1	
0	
0	
0	
0	
-1	
-1	
-1	
-1	
-2	
-2	
-1	
-1	
-1	
-1	
-1	
-1	
-1	
-1	
-1	
-1	
-1	
-1	
-1	
-1	
-1	
-1	
-1	
-1	
-1	
-2	
-2	
-2	
-2	
-2	
-2	
-1	
-1	
-1	
-1	
-1	
-2	
-2	
-1	
-1	
-1	
-1	
-1	
-1	
-1	
-1	
-1	
-1	
-1	
-1	
-2	
-2	
-2	
-2	
-2	
-2	
-1	
-1	
-1	
-1	
-1	
-1	
-1	
-1	
-1	
-1	
-1	
-1	
-1	
-1	
-1	
-1	
-1	
-2	
-2	
-2	
-2	
-2	
-2	
-1	
-1	
-2	
-2	
-2	
-2	
-2	
-2	
-2	
-2	
-2	
-2	
-2	
-2	
-2	
-2	
-2	
-2	
-2	
-2	
-2	
-2	
-2	
-2	
-2	
-2	
-2	
-2	
-2	
-2	
-2	
-2	
-2	
-1	
-1	
-1	
-1	
-2	
-2	
-2	
-2	
-2	
-2	
-2	
-2	
-2	
-2	
-2	
-2	
-2	
-2	
-2	
-2	
-2	
-2	
-2	
-2	
-2	
-2	
-2	
-2	
-2	
-2	
-2	
-2	
-2	
-2	
-2	
-2	
-2	
-2	
-2	
-2	
-2	
-2	
-2	
-2	
-2	
-2	
-2	
-2	
-2	
-2	
-3	
-3	
-2	
-2	
-2	
-2	
-2	
-2	
-2	
-2	
-2	
-2	
-2	
-2	
-3	
-3	
-2	
-2	
-2	
-2	
-2	
-2	
-2	
-2	
-3	
-3	
-3	
-3	
-3	
-3	
-3	
-2	
-2	
-2	
-2	
-3	
-3	
-3	
-3	
-3	
-3	
-3	
-3	
-3	
-3	
-2	
-2	
-3	
-3	
-3	
-3	
-3	
-3	
-3	
-2	
-2	
-2	
-2	
-2	
-2	
-2	
-2	
-3	
-3	
-2	
-2	
-2	
-2	
-2	
-2	
-2	
-2	
-2	
-2	
-2	
-2	
-2	
-2	
-2	
-2	
-2	
-2	
-1	
-1	
-1	
-2	
-2	
-1	
-1	
-2	
-2	
-2	
-2	
-2	
-2	
-1	
-1	
-1	
-1	
-2	
-2	
-1	
-1	
-2	
-2	
-1	
-1	
-2	
-2	
-1	
-1	
-1	
-1	
-2	
-2	
-2	
-2	
-2	
-2	
-2	
-2	
-2	
-2	
-2	
-2	
-2	
-2	
-2	
-2	
-2	
-2	
-2	
-2	
-2	
-2	
-2	
-2	
-2	
-2	
-2	
-2	
-2	
-2	
-2	
-2	
-2	
-2	
-2	
-2	
-2	
-2	
-2	
-2	
-2	
-2	
-2	
-2	
-2	
-2	
-2	
-2	
-2	
-2	
-2	
-2	
-2	
-2	
-2	
-2	
-2	
-2	
-2	
-2	
-2	
-2	
-2	
-2	
-2	
-2	
-2	
-1	
-1	
-2	
-2	
-2	
-2	
-1	
-1	
-2	
-2	
-2	
-2	
-2	
-2	
-2	
-2	
-1	
-1	
-2	
-2	
-2	
-1	
-2	
-2	
-2	
-1	
-1	
-2	
-2	
-2	
-2	
-2	
-2	
-2	
-2	
-1	
-1	
-1	
-1	
-2	
-2	
-2	
-2	
-2	
-2	
-1	
-1	
0	
0	
0	
0	
0	
0	
-1	
-4	
-4	
-4	
-4	
-3	
-3	
-3	
-3	
-4	
-4	
-5	
-5	
-7	
-7	
-7	
-7	
-6	
-6	
-6	
-6	
-6	
-6	
-8	
-8	
-9	
-9	
-10	
-10	
-10	
-10	
-10	
-10	
-9	
-10	
-10	
-12	
-12	
-14	
-14	
-15	
-15	
-15	
-15	
-14	
-14	
-14	
-14	
-15	
-15	
-17	
-17	
-19	
-19	
-19	
-19	
-19	
-19	
-19	
-19	
-19	
-19	
-21	
-22	
-22	
-23	
-23	
-24	
-24	
-24	
-24	
-25	
-25	
-26	
-26	
-28	
-28	
-29	
-29	
-28	
-28	
-28	
-28	
-29	
-29	
-31	
-31	
-33	
-34	
-34	
-34	
-34	
-34	
-34	
-34	
-34	
-35	
-35	
-37	
-37	
-38	
-38	
-39	
-39	
-39	
-39	
-39	
-39	
-39	
-39	
-40	
-40	
-42	
-42	
-43	
-43	
-44	
-44	
-44	
-44	
-44	
-44	
-45	
-45	
-45	
-47	
-47	
-48	
-48	
-49	
-49	
-48	
-48	
-49	
-49	
-52	
-52	
-54	
-54	
-56	
-56	
-55	
-55	
-54	
-54	
-54	
-54	
-56	
-56	
-59	
-59	
-61	
-63	
-63	
-62	
-62	
-61	
-61	
-62	
-62	
-64	
-64	
-66	
-66	
-68	
-68	
-68	
-68	
-67	
-67	
-67	
-67	
-68	
-68	
-70	
-70	
-72	
-72	
-72	
-72	
-72	
-72	
-72	
-72	
-72	
-74	
-74	
-75	
-75	
-76	
-76	
-75	
-75	
-74	
-74	
-74	
-74	
-76	
-76	
-77	
-77	
-78	
-78	
-77	
-77	
-77	
-77	
-77	
-77	
-78	
-79	
-79	
-79	
-79	
-79	
-79	
-79	
-79	
-79	
-79	
-79	
-79	
-78	
-78	
-74	
-74	
-84	
-84	
-86	
-86	
-83	
-83	
-75	
-75	
-73	
-73	
-80	
-80	
-84	
-84	
-84	
-77	
-77	
-78	
-78	
-81	
-81	
-81	
-81	
-81	
-81	
-78	
-78	
-79	
-79	
-82	
-82	
-82	
-82	
-79	
-79	
-78	
-78	
-79	
-79	
-81	
-81	
-82	
-82	
-82	
-82	
-80	
-78	
-78	
-78	
-78	
-80	
-80	
-81	
-81	
-82	
-82	
-81	
-81	
-79	
-79	
-78	
-78	
-80	
-80	
-81	
-81	
-81	
-81	
-80	
-80	
-79	
-79	
-80	
-80	
-80	
-80	
-80	
-80	
-80	
-80	
-80	
-79	
-79	
-80	
-80	
-81	
-81	
-81	
-81	
-80	
-80	
-79	
-79	
-80	
-80	
-80	
-80	
-80	
-80	
-80	
-80	
-80	
-80	
-81	
-81	
-80	
-80	
-80	
-80	
-80	
-80	
-80	
-80	
-80	
-80	
-80	
-80	
-80	
-80	
-80	
-80	
-80	
-80	
-80	
-80	
-80	
-80	
-80	
-80	
-80	
-80	
-80	
-80	
-80	
-80	
-80	
-80	
-80	
-80	
-80	
-80	
-80	
-80	
-80	
-80	
-80	
-80	
-80	
-80	
-80	
-80	
-80	
-80	
-80	
-80	
-80	
-80	
-80	
-80	
-80	
-80	
-80	
-80	
-80	
-80	
-80	
-80	
-80	
-80	
-80	
-80	
-80	
-80	
-80	
-80	
-80	
-80	
-80	
-80	
-80	
-80	
-80	
-80	
-80	
-80	
-80	
-80	
-80	
-80	
-80	
-80	
-80	
-80	
-80	
-80	
-80	
-80	
-80	
-80	
-80	
-80	
-80	
-80	
-80	
-80	
-80	
-80	
-80	
-80	
-80	
-80	
-80	
-80	
-80	
-80	
-80	
-80	
-80	
-80	
-80	
-80	
-80	
-80	
-80	
-80	
-80	
-81	
-80	
-80	
-80	
-80	
-80	
-80	
-80	
-80	
-80	
-80	
-80	
-80	
-80	
-80	
-80	
-80	
-80	
-80	
-80	
-80	
-80	
-80	
-80	
-80	
-80	
-80	
-80	
-80	
-81	
-80	
-80	
-80	
-80	
-80	
-79	
-79	
-79	
-79	
-80	
-80	
-80	
-80	
-81	
-81	
-81	
-81	
-81	
-81	
-80	
-80	
-80	
-80	
-79	
-79	
-80	
-80	
-80	
-80	
-80	
-81	
-81	
-81	
-81	
-80	
-80	
-80	
-80	
-80	
-80	
-80	
-80	
-80	
-80	
-81	
-81	
-80	
-80	
-80	
-80	
-80	
-80	
-80	
-80	
-80	
-80	
-80	
-80	
-80	
-80	
-81	
-81	
-80	
-80	
-80	
-80	
-80	
-80	
-80	
-80	
-80	
-80	
-80	
-80	
-80	
-80	
-80	
-80	
-80	
-80	
-80	
-80	
-80	
-80	
-80	
-80	
-80	
-80	
-80	
-80	
-80	
-80	
-80	
-80	
-80	
-80	
-80	
-80	
-80	
-80	
-80	
-80	
-80	
-80	
-80	
-80	
-80	
-80	
-80	
-80	
-80	
-80	
-80	
-80	
-80	
-80	
-80	
-80	
-80	
-80	
-80	
-80	
-80	
-80	
-80	
-80	
-80	
-80	
-80	
-80	
-80	
-80	
-80	
-80	
-80	
-80	
-80	
-80	
-80	
-80	
-80	
-80	
-80	
-80	
-80	
-80	
-80	
-80	
-80	
-80	
-80	
-80	
-80	
-80	
-80	
-80	
-80	
-80	
-80	
-80	
-80	
-80	
-80	
-80	
-80	
-80	
-80	
-80	
-80	
-80	
-80	
-80	
-80	
-80	
-79	
-79	
-80	
-80	
-80	
-80	
-80	
-80	
-80	
-80	
-80	
-80	
-80	
-80	
-80	
-80	
-80	
-80	
-80	
-80	
-80	
-80	
-80	
-80	
-80	
-80	
-80	
-80	
-80	
-80	
-80	
-80	
-80	
-80	
-80	
-80	
-80	
-80	
-80	
-80	
-80	
-80	
-80	
-80	
-80	
-80	
-80	
-80	
-80	
-80	
-80	
-80	
-80	
-80	
-80	
-80	
-80	
-80	
-80	
-80	
-80	
-80	
-80	
-80	
-80	
-80	
-80	
-80	
-80	
-80	
-80	
-80	
-80	
-80	
-80	
-80	
-80	
-80	
-80	
-80	
-80	
-80	
-80	
-80	
-80	
-80	
-80	
-80	
-80	
-80	
-80	
-80	
-80	
-80	
-80	
-80	
-80	
-80	
-80	
-80	
-80	
-80	
-80	
-80	
-80	
-80	
-80	
-80	
-81	
-81	
-80	
-80	
-80	
-80	
-80	
-80	
-80	
-80	
-80	
-80	
-80	
-80	
-80	
-80	
-80	
-80	
-80	
-80	
-80	
-80	
-80	
-80	
-80	
-80	
-80	
-80	
-80	
-80	
-80	
-80	
-80	
-80	
-80	
-80	
-80	
-80	
-80	
-80	
-80	
-80	
-80	
-80	
-80	
-80	
-80	
-80	
-80	
-80	
-80	
-80	
-80	
-80	
-80	
-80	
-80	
-80	
-80	
-80	
-80	
-80	
-80	
-80	
-80	
-80	
-80	
-80	
-80	
-80	
-80	
-80	
-80	
-80	
-80	
-80	
-80	
-80	
-80	
-80	
-80	
-80	
-80	
-80	
-80	
-80	
-80	
-80	
-80	
-80	
-80	
-80	
-80	
-80	
-80	
-80	
-80	
-80	
-80	
-80	
-80	
-80	
-80	
-80	
-80	
-80	
-80	
-80	
-80	
-80	
-80	
-80	
-80	
-80	
-80	
-80	
-80	
-80	
-80	
-80	
-80	
-80	
-80	
-80	
-80	
-80	
-80	
-80	
-80	
-80	
-80	
-80	
-80	
-80	
-80	
-80	
-80	
-80	
-80	
-80	
-80	
-80	
-80	
-80	
-80	
-80	
-80	
-80	
-80	
-80	
-80	
-80	
-80	
-80	
-80	
-80	
-80	
-80	
-80	
-80	
-80	
-80	
-80	
-80	
-80	
-80	
-80	
-80	
-80	
-80	
-80	
-80	
-80	
-80	
-80	
-80	
-80	
-80	
-80	
-80	
-80	
-80	
-80	
-80	
-80	
-80	
-80	
-80	
-80	
-80	
-80	
-80	
-80	
-80	
-80	
-80	
-80	
-80	
-80	
-80	
-80	
-80	
-80	
-80	
-80	
-80	
-80	
-80	
-80	
-80	
-80	
-80	
-80	
-80	
-80	
-80	
-80	
-80	
-80	
-80	
-80	
-80	
-80	
-80	
-80	
-80	
-80	
-80	
-80	
-80	
-80	
-80	
-80	
-80	
-80	
-80	
-80	
-80	
-80	
-80	
-80	
-80	
-80	
-80	
-80	
-80	
-80	
-80	
-80	
-80	
-80	
-80	
-80	
-80	
-80	
-80	
-80	
-80	
-80	
-80	
-80	
-80	
-80	
-80	
-80	
-80	
-80	
-80	
-80	
-80	
-80	
-80	
-80	
-80	
-80	
-80	
-80	
-80	
-80	
-80	
-80	
-80	
-80	
-80	
-80	
-80	
-80	
-80	
-80	
-80	
-80	
-80	
-80	
-80	
-80	
-80	
-80	
-80	
-80	
-80	
-80	
-80	
-80	
-80	
-80	
-80	
-80	
-80	
-80	
-80	
-80	
-80	
-80	
-80	
-80	
-80	
-80	
-80	
-80	
-80	
-80	
-80	
-80	
-80	
-80	
-80	
-80	
-80	
-80	
-80	
-80	
-80	
-80	
-80	
-80	
-80	
-80	
-80	
-80	
-80	
-80	
-80	
-80	
-80	
-80	
-80	
-80	
-80	
-80	
-80	
-80	
-80	
-80	
-80	
-80	
-80	
-80	
-80	
-80	
-80	
-80	
-80	
-80	
-80	
-80	
-80	
-80	
-80	
-80	
-80	
-80	
-80	
-80	
-80	
-80	
-80	
-80	
-80	
-80	
-80	
-80	
-80	
-80	
-80	
-80	
-80	
-80	
-80	
-80	
-80	
-80	
-80	
-80	
-80	
-80	
-80	
-80	
-80	
-80	
-80	
-80	
-80	
-80	
-80	
-80	
-80	
-80	
-80	
-80	
-80	
-80	
-80	
-80	
-80	
-80	
-80	
-80	
-80	
-80	
-80	
-80	
-80	
-80	
-80	
-80	
-80	
-80	
-80	
-80	
-80	
-80	
-80	
-80	
-80	
-80	
-80	
-80	
-80	
-80	
-80	
-80	
-80	
-80	
-80	
-80	
-80	
-80	
-80	
-80	
-80	
-80	
-80	
-80	
-80	
-80	
-80	
-80	
-80	
-80	
-80	
-80	
-80	
-80	
-80	
-80	
-80	
-80	
-80	
-80	
-80	
-80	
-80	
-80	
-80	
-80	
-80	
-80	
-80	
-80	
-80	
-80	
-80	
-80	
-80	
-80	
-80	
-80	
-80	
-80	
-80	
-80	
-80	
-80	
-80	
-80	
-80	
-80	
-80	
-80	
-80	
-80	
-80	
-80	
-80	
-80	
-80	
-80	
-80	
-80	
-80	
-80	
-80	
-80	
-80	
-80	
-80	
-80	
-80	
-80	
-80	
-80	
-80	
-80	
-80	
-80	
-80	
-80	
-80	
-80	
-80	
-80	
-80	
-80	
-80	
-80	
-80	
-80	
-80	
-80	
-80	
-80	
-80	
-80	
-80	
-80	
-80	
-80	
-80	
-80	
-80	
-80	
-80	
-80	
-80	
-80	
-80	
-81	
-81	
-80	
-80	
-80	
-80	
-80	
-80	
-80	
-81	
-81	
-80	
-80	
-80	
-80	
-80	
-80	
-80	
-80	
-80	
-80	
-80	
-80	
-80	
-80	
-80	
-80	
-80	
-80	
-80	
-80	
-80	
-80	
-80	
-80	
-80	
-80	
-80	
-80	
-80	
-80	
-80	
-80	
-80	
-80	
-80	
-80	
-80	
-80	
-80	
-80	
-80	
-80	
-80	
-80	
-80	
-80	
-80	
-80	
-80	
-80	
-80	
-80	
-80	
-80	
-80	
-80	
-80	
-80	
-80	
-80	
-80	
-80	
-80	
-80	
-80	
-80	
-80	
-80	
-80	
-80	
-80	
-80	
-80	
-80	
-80	
-80	
-80	
-80	
-80	
-80	
-80	
-80	
-80	
-80	
-80	
-80	
-80	
-80	
-80	
-80	
-80	
-80	
-80	
-80	
-80	
-80	
-80	
-80	
-80	
-80	
-80	
-80	
-80	
-80	
-80	
-80	
-80	
-80	
-80	
-80	
-80	
-80	
-80	
-80	
-80	
-80	
-79	
-80	
-80	
-80	
-80	
-80	
-80	
-80	
-80	
-80	
-80	
-80	
-80	
-80	
-80	
-80	
-80	
-80	
-80	
-80	
-80	
-80	
-80	
-80	
-80	
-80	
-80	
-80	
-80	
-80	
-80	
-80	
-80	
-81	
-81	
-80	
-80	
-80	
-80	
-80	
-80	
-79	
-79	
-78	
-78	
-77	
-77	
-76	
-76	
-76	
-76	
-75	
-75	
-77	
-77	
-77	
-77	
-76	
-72	
-72	
-70	
-69	
-69	
-69	
-70	
-70	
-70	
-70	
-68	
-68	
-65	
-65	
-62	
-62	
-60	
-60	
-59	
-59	
-57	
-57	
-56	
-56	
-53	
-53	
-51	
-51	
-49	
-47	
-47	
-45	
-45	
-41	
-41	
-38	
-38	
-35	
-35	
-32	
-32	
-30	
-30	
-27	
-27	
-24	
-24	
-20	
-20	
-17	
-17	
-15	
-15	
-13	
-13	
-8	
-8	
-4	
-4	
-2	
-2	
0	
0	
0	
0	
0	
0	
0	
3	
3	
5	
5	
8	
8	
10	
10	
11	
11	
11	
11	
13	
13	
15	
15	
18	
18	
22	
22	
25	
25	
29	
27	
27	
26	
26	
28	
28	
31	
31	
35	
35	
38	
38	
37	
37	
37	
37	
37	
37	
39	
39	
42	
42	
44	
44	
44	
44	
44	
44	
44	
44	
45	
48	
48	
50	
50	
51	
51	
52	
52	
53	
53	
53	
53	
53	
53	
55	
55	
57	
57	
59	
59	
60	
60	
59	
59	
60	
60	
62	
62	
64	
64	
64	
65	
65	
67	
67	
68	
68	
68	
68	
68	
68	
69	
69	
71	
71	
71	
71	
71	
71	
71	
71	
71	
71	
70	
70	
71	
71	
71	
71	
71	
71	
71	
71	
71	
71	
71	
73	
73	
75	
75	
76	
76	
75	
75	
72	
72	
72	
72	
73	
73	
75	
75	
77	
77	
77	
77	
77	
77	
78	
78	
84	
88	
88	
76	
76	
74	
74	
69	
69	
73	
73	
77	
77	
79	
79	
80	
80	
80	
80	
79	
79	
76	
76	
74	
74	
75	
77	
77	
77	
78	
78	
78	
78	
78	
78	
78	
77	
77	
76	
76	
75	
75	
76	
76	
79	
79	
78	
78	
78	
78	
77	
77	
77	
77	
76	
76	
76	
76	
77	
78	
78	
78	
78	
78	
78	
78	
78	
76	
76	
76	
76	
76	
76	
77	
77	
78	
78	
78	
78	
78	
78	
77	
77	
76	
76	
76	
76	
77	
77	
77	
78	
78	
78	
78	
77	
77	
77	
77	
77	
77	
77	
77	
77	
77	
77	
77	
77	
77	
77	
77	
77	
77	
77	
77	
77	
77	
77	
77	
77	
78	
77	
77	
77	
77	
77	
77	
77	
77	
77	
77	
77	
78	
78	
77	
77	
78	
78	
77	
77	
77	
77	
76	
76	
77	
77	
77	
77	
78	
78	
77	
77	
77	
77	
77	
77	
77	
77	
77	
77	
77	
77	
77	
77	
77	
78	
78	
77	
77	
77	
77	
77	
77	
77	
77	
77	
77	
77	
77	
77	
77	
77	
77	
77	
77	
77	
77	
77	
77	
77	
77	
77	
77	
77	
77	
77	
77	
77	
77	
77	
77	
77	
77	
77	
77	
77	
77	
77	
78	
77	
77	
77	
77	
77	
77	
77	
77	
77	
77	
77	
77	
77	
77	
77	
77	
77	
77	
77	
77	
77	
77	
77	
77	
77	
77	
77	
77	
77	
77	
77	
77	
77	
77	
77	
77	
77	
78	
78	
77	
77	
77	
77	
77	
77	
77	
77	
77	
77	
77	
77	
77	
77	
77	
77	
77	
77	
77	
77	
77	
77	
77	
77	
77	
77	
77	
77	
77	
77	
77	
77	
77	
77	
77	
77	
77	
77	
77	
77	
77	
77	
77	
77	
77	
77	
77	
77	
77	
77	
77	
77	
77	
77	
77	
77	
76	
77	
77	
77	
77	
77	
77	
77	
77	
77	
77	
77	
77	
77	
77	
77	
77	
77	
77	
77	
77	
77	
77	
77	
77	
77	
77	
77	
77	
77	
77	
77	
77	
77	
77	
77	
77	
77	
77	
77	
77	
77	
77	
77	
77	
77	
77	
77	
77	
77	
77	
77	
77	
77	
77	
77	
78	
77	
78	
78	
77	
77	
77	
77	
77	
77	
77	
77	
78	
78	
