0	0	7680
0	0	7710
0	0	7740
0	0	7770
0	0	7800
0	0	7830
0	0	7860
0	0	7890
0	0	7920
0	0	7950
0	0	7980
0	0	8010
0	0	8040
0	0	8070
0	0	8100
0	0	8130
0	0	8160
0	0	8190
0	0	8220
0	0	8250
0	0	8280
0	0	8310
0	0	8340
0	0	8370
0	0	8400
0	0	8430
0	0	8460
0	0	8490
0	0	8520
0	0	8550
0	0	8580
0	0	8610
0	0	8640
0	0	8670
0	0	8700
0	0	8730
0	0	8760
0	0	8790
0	0	8820
0	0	8850
0	0	8880
0	0	8910
0	0	8940
0	0	8970
0	0	9000
0	0	9030
0	0	9060
0	0	9090
0	0	9120
0	0	9150
0	0	9180
0	0	9210
0	0	9240
0	0	9270
0	0	9300
0	0	9330
0	0	9360
0	0	9390
0	0	9420
0	0	9450
0	0	9480
0	0	9510
0	0	9540
0	0	9570
0	0	9600
0	0	9630
0	0	9660
0	0	9690
0	0	9720
0	0	9750
0	0	9780
0	0	9810
0	0	9840
0	0	9870
0	0	9900
0	0	9930
0	0	9960
0	0	9990
0	0	10020
0	0	10050
0	0	10080
0	0	10110
0	0	10140
0	0	10170
0	0	10200
0	0	10230
0	0	10260
0	0	10290
0	0	10320
0	0	10350
0	0	10380
0	0	10410
0	0	10440
0	0	10470
0	0	10500
0	0	10530
0	0	10560
0	0	10590
0	0	10620
0	0	10650
0	0	10680
0	0	10710
0	0	10740
-1	0	10770
-1	0	10800
-1	0	10830
-1	0	10860
0	0	10890
0	0	10920
0	0	10950
0	0	10980
0	0	11010
0	0	11040
0	0	11070
0	0	11100
0	0	11130
0	0	11160
0	0	11190
0	0	11220
0	0	11250
0	0	11280
0	0	11310
0	0	11340
0	0	11370
0	0	11400
0	0	11430
0	0	11460
0	0	11490
0	0	11520
0	0	11550
0	0	11580
0	0	11610
0	0	11640
0	0	11670
0	0	11700
0	0	11730
0	0	11760
0	0	11790
0	0	11820
0	0	11850
0	0	11880
0	0	11910
0	0	11940
0	0	11970
0	0	12000
0	0	12030
0	0	12060
0	0	12090
0	0	12120
0	0	12150
0	0	12180
0	0	12210
0	0	12240
0	0	12270
0	0	12300
0	0	12330
0	0	12360
0	0	12390
0	0	12420
0	0	12450
0	0	12480
0	0	12510
0	0	12540
0	0	12570
0	0	12600
0	0	12630
0	0	12660
0	0	12690
0	0	12720
0	0	12750
0	0	12780
0	0	12810
0	0	12840
0	0	12870
0	0	12900
0	0	12930
0	0	12960
0	0	12990
0	0	13020
0	0	13050
0	0	13080
0	0	13110
0	0	13140
0	0	13170
0	0	13200
0	0	13230
0	0	13260
0	0	13290
0	0	13320
0	0	13350
0	0	13380
0	0	13410
0	0	13440
0	0	13470
0	0	13500
0	0	13530
0	0	13560
0	0	13590
0	0	13620
0	0	13650
0	0	13680
0	0	13710
0	0	13740
0	0	13770
0	0	13800
0	0	13830
0	0	13860
0	0	13890
0	0	13920
0	0	13950
0	0	13980
0	0	14010
0	0	14040
0	0	14070
0	0	14100
0	0	14130
0	0	14160
0	0	14190
0	0	14220
0	0	14250
0	0	14280
0	0	14310
0	0	14340
0	0	14370
0	0	14400
0	0	14430
0	0	14460
0	0	14490
0	0	14520
0	0	14550
0	0	14580
0	0	14610
0	0	14640
0	0	14670
0	0	14700
0	0	14730
0	0	14760
0	0	14790
0	0	14820
0	0	14850
0	0	14880
0	0	14910
0	0	14940
0	0	14970
0	0	15000
0	0	15030
0	0	15060
0	0	15090
0	0	15120
0	0	15150
0	0	15180
0	0	15210
0	0	15240
0	0	15270
0	0	15300
0	0	15330
0	0	15360
0	0	15390
0	0	15420
0	0	15450
0	0	15480
0	0	15510
0	0	15540
0	0	15570
0	0	15600
0	0	15630
0	0	15660
0	0	15690
0	0	15720
0	0	15750
0	0	15780
0	0	15810
0	0	15840
0	0	15870
0	0	15900
0	0	15930
0	0	15960
0	0	15990
0	0	16020
0	0	16050
0	0	16080
0	0	16110
0	0	16140
0	0	16170
0	0	16200
0	0	16230
0	0	16260
0	0	16290
0	0	16320
0	0	16350
0	0	16380
0	0	16410
0	0	16440
0	0	16470
0	0	16500
0	0	16530
0	0	16560
0	0	16590
0	0	16620
0	0	16650
0	0	16680
0	0	16710
0	0	16740
0	0	16770
0	0	16800
0	0	16830
0	0	16860
0	0	16890
0	0	16920
0	0	16950
0	0	16980
0	0	17010
0	0	17040
0	0	17070
0	0	17100
0	0	17130
0	0	17160
0	0	17190
0	0	17220
0	0	17250
0	0	17280
0	0	17310
0	0	17340
0	0	17370
0	0	17400
0	0	17430
0	0	17460
0	0	17490
0	0	17520
0	0	17550
0	0	17580
0	0	17610
0	0	17640
0	0	17670
-1	0	17700
0	0	17730
0	0	17760
0	0	17790
0	0	17820
0	0	17850
0	0	17880
0	0	17910
0	0	17940
0	0	17970
0	0	18000
0	0	18030
0	0	18060
0	0	18090
0	0	18120
0	0	18150
0	0	18180
0	0	18210
0	0	18240
0	0	18270
0	0	18300
0	0	18330
0	0	18360
0	0	18390
0	0	18420
0	0	18450
0	0	18480
0	0	18510
0	0	18540
0	0	18570
0	0	18600
0	0	18630
0	0	18660
0	0	18690
0	0	18720
0	0	18750
0	0	18780
0	0	18810
0	0	18840
0	0	18870
0	0	18900
0	0	18930
0	0	18960
0	0	18990
0	0	19020
0	0	19050
0	0	19080
0	0	19110
0	0	19140
0	0	19170
0	0	19200
0	0	19230
0	0	19260
0	0	19290
0	0	19320
0	0	19350
0	0	19380
0	0	19410
0	0	19440
0	0	19470
0	0	19500
0	0	19530
0	0	19560
0	0	19590
0	0	19620
0	0	19650
0	0	19680
0	0	19710
0	0	19740
0	0	19770
0	0	19800
0	0	19830
0	0	19860
0	0	19890
0	0	19920
0	0	19950
0	0	19980
0	0	20010
0	0	20040
0	0	20070
0	0	20100
0	0	20130
0	0	20160
0	0	20190
0	0	20220
0	0	20250
0	0	20280
0	0	20310
0	0	20340
0	0	20370
0	0	20400
0	0	20430
0	0	20460
0	0	20490
0	0	20520
0	0	20550
0	0	20580
0	0	20610
0	0	20640
0	30	20670
0	30	20700
0	30	20730
0	30	20760
1	30	20790
1	30	20820
1	30	20850
0	30	20880
0	30	20910
0	30	20940
0	30	20970
0	30	21000
0	30	21030
0	30	21060
0	30	21090
0	30	21120
0	30	21150
0	30	21180
0	30	21210
0	30	21240
0	30	21270
1	30	21300
2	30	21330
4	30	21360
5	30	21390
8	30	21420
10	30	21450
13	30	21480
15	30	21510
17	30	21540
20	30	21570
22	30	21600
24	30	21630
26	30	21660
28	30	21690
30	30	21720
32	30	21750
33	30	21780
34	30	21810
35	30	21840
36	30	21870
36	30	21900
36	30	21930
36	30	21960
36	30	21990
36	30	22020
36	30	22050
36	30	22080
36	30	22110
36	30	22140
36	30	22170
36	30	22200
36	30	22230
35	30	22260
35	30	22290
35	30	22320
35	30	22350
35	30	22380
34	30	22410
34	30	22440
34	30	22470
34	30	22500
34	30	22530
34	30	22560
34	30	22590
34	30	22620
34	30	22650
34	30	22680
35	30	22710
35	30	22740
35	30	22770
35	30	22800
35	30	22830
34	30	22860
34	30	22890
34	30	22920
35	30	22950
35	30	22980
35	30	23010
35	30	23040
35	30	23070
35	30	23100
35	30	23130
35	30	23160
35	30	23190
35	30	23220
35	30	23250
34	30	23280
34	30	23310
34	30	23340
34	30	23370
34	30	23400
34	30	23430
34	30	23460
33	30	23490
33	30	23520
33	30	23550
33	30	23580
33	30	23610
33	30	23640
33	30	23670
33	30	23700
32	30	23730
32	30	23760
32	30	23790
32	30	23820
32	30	23850
32	30	23880
32	30	23910
32	30	23940
32	30	23970
32	30	24000
32	30	24030
32	30	24060
32	30	24090
32	30	24120
31	30	24150
31	30	24180
31	30	24210
31	30	24240
31	30	24270
31	30	24300
31	30	24330
31	30	24360
31	30	24390
30	30	24420
30	30	24450
30	30	24480
30	30	24510
30	30	24540
30	30	24570
30	30	24600
30	30	24630
30	30	24660
29	30	24690
30	30	24720
30	30	24750
30	30	24780
31	30	24810
31	30	24840
30	30	24870
30	30	24900
30	30	24930
30	30	24960
30	30	24990
29	30	25020
29	30	25050
29	30	25080
29	30	25110
29	30	25140
29	30	25170
29	30	25200
29	30	25230
30	30	25260
30	30	25290
30	30	25320
30	30	25350
30	30	25380
30	30	25410
30	30	25440
30	30	25470
30	30	25500
30	30	25530
30	30	25560
30	30	25590
30	30	25620
30	30	25650
30	30	25680
30	30	25710
30	30	25740
30	30	25770
30	30	25800
30	30	25830
30	30	25860
31	30	25890
31	30	25920
31	30	25950
31	30	25980
31	30	26010
31	30	26040
31	30	26070
31	30	26100
31	30	26130
31	30	26160
32	30	26190
32	30	26220
32	30	26250
32	30	26280
31	30	26310
32	30	26340
32	30	26370
32	30	26400
32	30	26430
32	30	26460
32	30	26490
32	30	26520
32	30	26550
32	30	26580
32	30	26610
31	30	26640
31	30	26670
31	30	26700
31	30	26730
31	30	26760
31	30	26790
31	30	26820
31	30	26850
31	30	26880
32	30	26910
32	30	26940
32	30	26970
32	30	27000
31	30	27030
31	30	27060
31	30	27090
31	30	27120
31	30	27150
30	30	27180
30	30	27210
30	30	27240
30	30	27270
30	30	27300
30	30	27330
30	30	27360
29	30	27390
29	30	27420
29	30	27450
29	30	27480
29	30	27510
29	30	27540
29	30	27570
29	30	27600
29	30	27630
29	30	27660
29	30	27690
29	30	27720
30	30	27750
30	30	27780
29	30	27810
29	30	27840
29	30	27870
30	30	27900
30	30	27930
30	30	27960
30	30	27990
29	30	28020
29	30	28050
29	30	28080
29	30	28110
29	30	28140
30	30	28170
30	30	28200
29	30	28230
29	30	28260
29	30	28290
29	30	28320
29	30	28350
30	30	28380
30	30	28410
29	30	28440
29	30	28470
29	30	28500
29	30	28530
29	30	28560
30	30	28590
30	30	28620
30	30	28650
30	30	28680
30	30	28710
30	30	28740
30	30	28770
30	30	28800
30	30	28830
30	30	28860
30	30	28890
30	30	28920
30	30	28950
30	30	28980
30	30	29010
30	30	29040
30	30	29070
29	30	29100
29	30	29130
29	30	29160
29	30	29190
30	30	29220
30	30	29250
30	30	29280
30	30	29310
30	30	29340
30	30	29370
30	30	29400
30	30	29430
30	30	29460
30	30	29490
30	30	29520
30	30	29550
30	30	29580
29	30	29610
29	30	29640
29	30	29670
29	30	29700
29	30	29730
29	30	29760
30	30	29790
30	30	29820
30	30	29850
30	30	29880
30	30	29910
30	30	29940
30	30	29970
30	30	30000
30	30	30030
30	30	30060
30	30	30090
30	30	30120
30	30	30150
30	30	30180
30	30	30210
30	30	30240
29	30	30270
29	30	30300
29	30	30330
29	30	30360
29	30	30390
29	30	30420
29	30	30450
29	30	30480
29	30	30510
29	30	30540
29	30	30570
30	30	30600
30	30	30630
30	30	30660
30	30	30690
29	30	30720
29	30	30750
29	30	30780
29	30	30810
29	30	30840
29	30	30870
28	30	30900
29	30	30930
29	30	30960
29	30	30990
30	30	31020
30	30	31050
30	30	31080
30	30	31110
30	30	31140
30	30	31170
29	30	31200
30	30	31230
30	30	31260
30	30	31290
30	30	31320
30	30	31350
30	30	31380
29	30	31410
28	30	31440
29	30	31470
29	30	31500
29	30	31530
29	30	31560
29	30	31590
29	30	31620
29	30	31650
29	30	31680
29	30	31710
29	30	31740
29	30	31770
29	30	31800
29	30	31830
29	30	31860
29	30	31890
29	30	31920
28	30	31950
28	30	31980
28	30	32010
28	30	32040
28	30	32070
28	30	32100
28	30	32130
28	30	32160
28	30	32190
27	30	32220
27	30	32250
27	30	32280
27	30	32310
27	30	32340
27	30	32370
27	30	32400
28	30	32430
28	30	32460
28	30	32490
28	30	32520
27	30	32550
27	30	32580
27	30	32610
27	30	32640
27	30	32670
27	30	32700
27	30	32730
28	30	32760
28	30	32790
28	30	32820
29	30	32850
29	30	32880
29	30	32910
29	30	32940
29	30	32970
29	30	33000
29	30	33030
29	30	33060
29	30	33090
30	30	33120
30	30	33150
30	30	33180
30	30	33210
30	30	33240
30	30	33270
30	30	33300
30	30	33330
30	30	33360
30	30	33390
30	30	33420
30	30	33450
30	30	33480
29	30	33510
30	30	33540
30	30	33570
30	30	33600
30	30	33630
30	30	33660
29	30	33690
29	30	33720
29	30	33750
29	30	33780
29	30	33810
29	30	33840
30	30	33870
30	30	33900
30	30	33930
30	30	33960
30	30	33990
30	30	34020
30	30	34050
31	30	34080
31	30	34110
32	30	34140
31	30	34170
31	30	34200
31	30	34230
31	30	34260
31	30	34290
31	30	34320
32	30	34350
32	30	34380
31	30	34410
31	30	34440
31	30	34470
31	30	34500
31	30	34530
31	30	34560
30	30	34590
30	30	34620
30	30	34650
30	30	34680
30	30	34710
30	30	34740
30	30	34770
30	30	34800
30	30	34830
30	30	34860
30	30	34890
30	30	34920
30	30	34950
30	30	34980
30	30	35010
30	30	35040
31	30	35070
31	30	35100
31	30	35130
31	30	35160
30	30	35190
30	30	35220
31	30	35250
31	30	35280
30	30	35310
30	30	35340
30	30	35370
29	30	35400
29	30	35430
29	30	35460
30	30	35490
30	30	35520
30	30	35550
30	30	35580
30	30	35610
30	30	35640
30	30	35670
30	30	35700
31	30	35730
30	30	35760
30	30	35790
30	30	35820
31	30	35850
31	30	35880
32	30	35910
31	30	35940
31	30	35970
31	30	36000
31	30	36030
31	30	36060
31	30	36090
31	30	36120
31	30	36150
31	30	36180
31	30	36210
31	30	36240
31	30	36270
31	30	36300
31	30	36330
31	30	36360
31	30	36390
31	30	36420
31	30	36450
31	30	36480
30	30	36510
31	30	36540
31	30	36570
31	30	36600
31	30	36630
31	30	36660
30	30	36690
30	30	36720
30	30	36750
30	30	36780
30	30	36810
31	30	36840
31	30	36870
31	30	36900
31	30	36930
31	30	36960
32	30	36990
32	30	37020
32	30	37050
32	30	37080
32	30	37110
31	30	37140
31	30	37170
31	30	37200
31	30	37230
30	30	37260
30	30	37290
30	30	37320
30	30	37350
30	30	37380
30	30	37410
31	30	37440
30	30	37470
30	30	37500
30	30	37530
29	30	37560
29	30	37590
29	30	37620
29	30	37650
28	30	37680
28	30	37710
28	30	37740
28	30	37770
29	30	37800
29	30	37830
29	30	37860
29	30	37890
29	30	37920
28	30	37950
28	30	37980
28	30	38010
28	30	38040
28	30	38070
28	30	38100
28	30	38130
28	30	38160
28	30	38190
29	30	38220
29	30	38250
30	30	38280
29	30	38310
