0	0	17160
0	0	17190
0	0	17220
0	0	17250
0	0	17280
0	0	17310
0	0	17340
0	0	17370
0	0	17400
-1	0	17430
-1	0	17460
0	0	17490
0	0	17520
0	0	17550
0	0	17580
0	0	17610
0	0	17640
0	0	17670
0	0	17700
0	0	17730
0	0	17760
0	0	17790
0	0	17820
0	0	17850
0	0	17880
0	0	17910
0	0	17940
0	0	17970
0	0	18000
0	0	18030
0	0	18060
0	0	18090
0	0	18120
0	0	18150
0	0	18180
0	0	18210
0	0	18240
0	0	18270
0	0	18300
0	0	18330
0	0	18360
0	0	18390
0	0	18420
0	0	18450
0	0	18480
0	0	18510
0	0	18540
0	0	18570
0	0	18600
0	0	18630
0	0	18660
0	0	18690
0	0	18720
0	0	18750
0	0	18780
0	0	18810
0	0	18840
0	0	18870
0	0	18900
0	0	18930
0	0	18960
0	0	18990
0	0	19020
0	0	19050
0	0	19080
0	0	19110
0	0	19140
0	0	19170
0	0	19200
0	0	19230
0	0	19260
0	0	19290
0	0	19320
0	0	19350
0	0	19380
0	0	19410
0	0	19440
0	0	19470
0	0	19500
0	0	19530
0	0	19560
0	0	19590
0	0	19620
0	0	19650
0	0	19680
0	0	19710
0	0	19740
0	0	19770
0	0	19800
0	0	19830
0	0	19860
0	0	19890
0	0	19920
0	0	19950
0	0	19980
0	0	20010
0	0	20040
0	0	20070
0	0	20100
0	0	20130
0	0	20160
0	0	20190
0	0	20220
0	0	20250
0	0	20280
0	0	20310
0	0	20340
0	0	20370
0	0	20400
0	0	20430
0	0	20460
0	0	20490
0	0	20520
0	0	20550
0	0	20580
0	0	20610
0	0	20640
0	0	20670
0	0	20700
0	0	20730
0	0	20760
0	0	20790
0	0	20820
0	0	20850
0	0	20880
0	0	20910
0	0	20940
0	0	20970
0	0	21000
0	0	21030
0	0	21060
0	0	21090
0	0	21120
0	0	21150
0	0	21180
0	0	21210
0	0	21240
0	0	21270
0	0	21300
0	0	21330
0	0	21360
0	0	21390
0	0	21420
0	0	21450
0	0	21480
0	0	21510
0	0	21540
0	0	21570
0	0	21600
0	0	21630
0	0	21660
0	0	21690
0	0	21720
0	0	21750
0	0	21780
0	0	21810
0	0	21840
0	0	21870
0	0	21900
0	0	21930
0	0	21960
0	0	21990
0	0	22020
0	0	22050
0	0	22080
0	0	22110
0	0	22140
0	0	22170
0	0	22200
0	0	22230
0	0	22260
0	0	22290
0	0	22320
0	0	22350
0	0	22380
0	0	22410
0	0	22440
0	0	22470
0	0	22500
0	0	22530
0	0	22560
0	0	22590
0	0	22620
0	0	22650
0	0	22680
0	0	22710
1	0	22740
0	0	22770
0	0	22800
0	0	22830
0	0	22860
0	0	22890
0	0	22920
0	0	22950
0	0	22980
0	0	23010
0	0	23040
0	0	23070
0	0	23100
0	0	23130
0	0	23160
0	0	23190
0	0	23220
0	0	23250
0	0	23280
0	0	23310
0	0	23340
0	0	23370
0	0	23400
0	0	23430
0	0	23460
0	0	23490
0	0	23520
0	0	23550
0	0	23580
0	0	23610
0	0	23640
0	0	23670
0	0	23700
0	0	23730
0	0	23760
0	0	23790
0	0	23820
0	0	23850
0	0	23880
0	0	23910
0	0	23940
0	0	23970
0	0	24000
0	0	24030
0	0	24060
0	0	24090
0	0	24120
0	0	24150
0	30	24180
0	30	24210
0	30	24240
0	30	24270
0	30	24300
0	30	24330
0	30	24360
0	30	24390
0	30	24420
0	30	24450
0	30	24480
0	30	24510
0	30	24540
0	30	24570
0	30	24600
0	30	24630
0	30	24660
0	30	24690
0	30	24720
0	30	24750
0	30	24780
0	30	24810
0	30	24840
1	30	24870
1	30	24900
3	30	24930
4	30	24960
5	30	24990
7	30	25020
8	30	25050
10	30	25080
11	30	25110
13	30	25140
15	30	25170
16	30	25200
18	30	25230
20	30	25260
21	30	25290
22	30	25320
24	30	25350
25	30	25380
26	30	25410
26	30	25440
27	30	25470
28	30	25500
29	30	25530
29	30	25560
30	30	25590
30	30	25620
30	30	25650
31	30	25680
31	30	25710
31	30	25740
31	30	25770
31	30	25800
31	30	25830
31	30	25860
32	30	25890
32	30	25920
32	30	25950
32	30	25980
32	30	26010
32	30	26040
32	30	26070
32	30	26100
32	30	26130
32	30	26160
32	30	26190
32	30	26220
32	30	26250
32	30	26280
32	30	26310
31	30	26340
31	30	26370
30	30	26400
30	30	26430
30	30	26460
31	30	26490
31	30	26520
31	30	26550
31	30	26580
31	30	26610
32	30	26640
32	30	26670
32	30	26700
31	30	26730
32	30	26760
32	30	26790
32	30	26820
32	30	26850
33	30	26880
33	30	26910
33	30	26940
33	30	26970
33	30	27000
33	30	27030
33	30	27060
33	30	27090
33	30	27120
33	30	27150
33	30	27180
32	30	27210
32	30	27240
32	30	27270
32	30	27300
32	30	27330
32	30	27360
32	30	27390
32	30	27420
31	30	27450
30	30	27480
30	30	27510
30	30	27540
30	30	27570
30	30	27600
30	30	27630
31	30	27660
31	30	27690
31	30	27720
31	30	27750
31	30	27780
31	30	27810
31	30	27840
31	30	27870
31	30	27900
31	30	27930
31	30	27960
30	30	27990
30	30	28020
30	30	28050
30	30	28080
29	30	28110
29	30	28140
29	30	28170
29	30	28200
29	30	28230
29	30	28260
28	30	28290
29	30	28320
29	30	28350
29	30	28380
29	30	28410
29	30	28440
29	30	28470
29	30	28500
29	30	28530
29	30	28560
29	30	28590
28	30	28620
28	30	28650
28	30	28680
29	30	28710
29	30	28740
29	30	28770
29	30	28800
29	30	28830
29	30	28860
29	30	28890
29	30	28920
29	30	28950
29	30	28980
30	30	29010
30	30	29040
30	30	29070
30	30	29100
30	30	29130
30	30	29160
30	30	29190
30	30	29220
31	30	29250
31	30	29280
31	30	29310
31	30	29340
31	30	29370
30	30	29400
30	30	29430
31	30	29460
31	30	29490
31	30	29520
31	30	29550
31	30	29580
31	30	29610
32	30	29640
32	30	29670
32	30	29700
32	30	29730
32	30	29760
33	30	29790
33	30	29820
33	30	29850
33	30	29880
33	30	29910
33	30	29940
33	30	29970
33	30	30000
34	30	30030
33	30	30060
33	30	30090
33	30	30120
33	30	30150
34	30	30180
34	30	30210
34	30	30240
34	30	30270
34	30	30300
33	30	30330
33	30	30360
33	30	30390
34	30	30420
34	30	30450
33	30	30480
33	30	30510
33	30	30540
33	30	30570
33	30	30600
32	30	30630
32	30	30660
32	30	30690
32	30	30720
32	30	30750
32	30	30780
32	30	30810
32	30	30840
32	30	30870
31	30	30900
31	30	30930
31	30	30960
31	30	30990
31	30	31020
31	30	31050
31	30	31080
31	30	31110
31	30	31140
31	30	31170
31	30	31200
31	30	31230
31	30	31260
31	30	31290
31	30	31320
31	30	31350
31	30	31380
31	30	31410
31	30	31440
31	30	31470
31	30	31500
31	30	31530
31	30	31560
31	30	31590
31	30	31620
31	30	31650
31	30	31680
31	30	31710
31	30	31740
31	30	31770
31	30	31800
31	30	31830
31	30	31860
31	30	31890
31	30	31920
30	30	31950
31	30	31980
31	30	32010
32	30	32040
32	30	32070
32	30	32100
32	30	32130
32	30	32160
31	30	32190
31	30	32220
31	30	32250
31	30	32280
31	30	32310
31	30	32340
30	30	32370
30	30	32400
30	30	32430
29	30	32460
29	30	32490
29	30	32520
29	30	32550
29	30	32580
28	30	32610
28	30	32640
28	30	32670
27	30	32700
27	30	32730
27	30	32760
28	30	32790
28	30	32820
28	30	32850
28	30	32880
28	30	32910
28	30	32940
28	30	32970
28	30	33000
28	30	33030
28	30	33060
28	30	33090
28	30	33120
28	30	33150
28	30	33180
28	30	33210
29	30	33240
29	30	33270
29	30	33300
29	30	33330
29	30	33360
29	30	33390
29	30	33420
30	30	33450
30	30	33480
30	30	33510
30	30	33540
30	30	33570
30	30	33600
30	30	33630
30	30	33660
30	30	33690
30	30	33720
31	30	33750
31	30	33780
31	30	33810
31	30	33840
31	30	33870
31	30	33900
31	30	33930
31	30	33960
31	30	33990
31	30	34020
31	30	34050
31	30	34080
31	30	34110
31	30	34140
31	30	34170
31	30	34200
30	30	34230
30	30	34260
30	30	34290
30	30	34320
30	30	34350
30	30	34380
30	30	34410
31	30	34440
31	30	34470
31	30	34500
31	30	34530
31	30	34560
31	30	34590
31	30	34620
31	30	34650
31	30	34680
30	30	34710
30	30	34740
30	30	34770
30	30	34800
30	30	34830
31	30	34860
30	30	34890
30	30	34920
30	30	34950
30	30	34980
30	30	35010
30	30	35040
30	30	35070
30	30	35100
30	30	35130
30	30	35160
30	30	35190
29	30	35220
29	30	35250
29	30	35280
29	30	35310
29	30	35340
29	30	35370
29	30	35400
29	30	35430
29	30	35460
29	30	35490
28	30	35520
28	30	35550
29	30	35580
29	30	35610
29	30	35640
29	30	35670
29	30	35700
29	30	35730
29	30	35760
29	30	35790
29	30	35820
29	30	35850
30	30	35880
30	30	35910
30	30	35940
30	30	35970
30	30	36000
30	30	36030
30	30	36060
31	30	36090
30	30	36120
30	30	36150
30	30	36180
30	30	36210
30	30	36240
30	30	36270
31	30	36300
31	30	36330
31	30	36360
31	30	36390
31	30	36420
31	30	36450
30	30	36480
31	30	36510
31	30	36540
31	30	36570
31	30	36600
30	30	36630
30	30	36660
30	30	36690
30	30	36720
30	30	36750
30	30	36780
30	30	36810
29	30	36840
29	30	36870
29	30	36900
28	30	36930
28	30	36960
28	30	36990
28	30	37020
29	30	37050
29	30	37080
29	30	37110
29	30	37140
29	30	37170
29	30	37200
29	30	37230
29	30	37260
29	30	37290
30	30	37320
30	30	37350
30	30	37380
30	30	37410
30	30	37440
31	30	37470
31	30	37500
31	30	37530
31	30	37560
31	30	37590
31	30	37620
31	30	37650
32	30	37680
32	30	37710
32	30	37740
32	30	37770
32	30	37800
31	30	37830
31	30	37860
31	30	37890
30	30	37920
30	30	37950
30	30	37980
30	30	38010
29	30	38040
29	30	38070
29	30	38100
29	30	38130
29	30	38160
29	30	38190
29	30	38220
29	30	38250
29	30	38280
29	30	38310
30	30	38340
30	30	38370
30	30	38400
30	30	38430
30	30	38460
31	30	38490
31	30	38520
31	30	38550
31	30	38580
31	30	38610
31	30	38640
31	30	38670
31	30	38700
31	30	38730
30	30	38760
30	30	38790
30	30	38820
30	30	38850
29	30	38880
29	30	38910
28	30	38940
28	30	38970
28	30	39000
28	30	39030
28	30	39060
28	30	39090
27	30	39120
27	30	39150
27	30	39180
27	30	39210
27	30	39240
27	30	39270
27	30	39300
27	30	39330
27	30	39360
27	30	39390
27	30	39420
27	30	39450
27	30	39480
27	30	39510
28	30	39540
28	30	39570
28	30	39600
28	30	39630
29	30	39660
29	30	39690
29	30	39720
29	30	39750
29	30	39780
28	30	39810
28	30	39840
28	30	39870
28	30	39900
29	30	39930
28	30	39960
