50	0	4110
50	0	4140
50	0	4170
50	0	4200
49	0	4230
47	0	4260
45	0	4290
43	0	4320
40	0	4350
37	0	4380
34	0	4410
31	0	4440
26	0	4470
22	0	4500
17	0	4530
11	0	4560
6	0	4590
1	0	4620
-2	0	4650
-6	0	4680
-10	0	4710
-13	0	4740
-15	0	4770
-17	0	4800
-19	0	4830
-20	0	4860
-21	0	4890
-21	0	4920
-21	0	4950
-20	0	4980
-18	0	5010
-17	0	5040
-15	0	5070
-13	0	5100
-10	0	5130
-8	0	5160
-7	0	5190
-6	0	5220
-5	0	5250
-4	0	5280
-4	0	5310
-4	0	5340
-5	0	5370
-6	0	5400
-8	0	5430
-9	0	5460
-9	0	5490
-10	0	5520
-10	0	5550
-10	0	5580
-10	0	5610
-9	0	5640
-8	0	5670
-7	0	5700
-6	0	5730
-4	0	5760
-3	0	5790
-3	0	5820
-3	0	5850
-2	0	5880
-2	0	5910
-2	0	5940
-3	0	5970
-3	0	6000
-4	0	6030
-6	0	6060
-6	0	6090
-6	0	6120
-6	0	6150
-6	0	6180
-6	0	6210
-5	0	6240
-4	0	6270
-4	0	6300
-3	0	6330
-2	0	6360
-1	0	6390
-1	0	6420
0	0	6450
-1	0	6480
-1	0	6510
-2	0	6540
-2	0	6570
-3	0	6600
-4	0	6630
-5	0	6660
-5	0	6690
-5	0	6720
-5	0	6750
-5	0	6780
-4	0	6810
-4	0	6840
-3	0	6870
-2	0	6900
-2	0	6930
-1	0	6960
-1	0	6990
-1	0	7020
-1	0	7050
-1	0	7080
-2	0	7110
-2	0	7140
-2	0	7170
-3	0	7200
-3	0	7230
-3	0	7260
-4	0	7290
-4	0	7320
-3	0	7350
-3	0	7380
-2	0	7410
-2	0	7440
-2	0	7470
-1	0	7500
-1	0	7530
-1	0	7560
-1	0	7590
-1	0	7620
-1	0	7650
-1	0	7680
-1	0	7710
-2	0	7740
-2	0	7770
-2	0	7800
-2	0	7830
-2	0	7860
-2	0	7890
-2	0	7920
-2	0	7950
-2	0	7980
-1	0	8010
-1	0	8040
-1	0	8070
0	0	8100
0	0	8130
0	0	8160
0	0	8190
0	0	8220
0	0	8250
-1	0	8280
-1	0	8310
-1	0	8340
-1	0	8370
-2	0	8400
-2	0	8430
-2	0	8460
-2	0	8490
-1	0	8520
-1	0	8550
-1	0	8580
-1	0	8610
-1	0	8640
0	0	8670
0	0	8700
-1	0	8730
-1	0	8760
-1	0	8790
-1	0	8820
-1	0	8850
-1	0	8880
-1	0	8910
-1	0	8940
-1	0	8970
-1	0	9000
-1	0	9030
0	0	9060
0	0	9090
0	0	9120
0	0	9150
0	0	9180
0	0	9210
-1	0	9240
-1	0	9270
-1	0	9300
-1	0	9330
-1	0	9360
-1	0	9390
-1	0	9420
-1	0	9450
-1	0	9480
-1	0	9510
-1	0	9540
-1	0	9570
-1	0	9600
-1	0	9630
-1	0	9660
-1	0	9690
-1	0	9720
-1	0	9750
-1	0	9780
-1	0	9810
-1	0	9840
-1	0	9870
-1	0	9900
-1	0	9930
-1	0	9960
-1	0	9990
-1	0	10020
0	0	10050
0	0	10080
0	0	10110
0	0	10140
0	0	10170
0	0	10200
0	0	10230
0	0	10260
0	0	10290
-1	0	10320
-1	0	10350
-1	0	10380
-1	0	10410
0	0	10440
0	0	10470
0	0	10500
0	0	10530
0	0	10560
0	0	10590
0	0	10620
0	0	10650
0	0	10680
0	0	10710
0	0	10740
0	0	10770
0	0	10800
0	0	10830
-1	0	10860
-1	0	10890
-1	0	10920
-1	0	10950
-1	0	10980
-1	0	11010
-1	0	11040
-1	0	11070
-1	0	11100
-1	0	11130
0	0	11160
0	0	11190
0	0	11220
0	0	11250
0	0	11280
0	0	11310
0	0	11340
0	0	11370
0	0	11400
0	0	11430
-1	0	11460
0	0	11490
0	0	11520
0	0	11550
0	0	11580
0	0	11610
0	0	11640
0	0	11670
0	0	11700
0	0	11730
0	0	11760
0	0	11790
0	0	11820
0	0	11850
0	0	11880
0	0	11910
0	0	11940
1	0	11970
1	0	12000
0	0	12030
0	0	12060
0	0	12090
0	0	12120
0	0	12150
0	0	12180
0	0	12210
0	0	12240
0	0	12270
0	0	12300
0	0	12330
0	0	12360
0	0	12390
0	0	12420
0	0	12450
0	0	12480
0	0	12510
0	0	12540
0	0	12570
0	0	12600
0	0	12630
0	0	12660
0	0	12690
0	0	12720
0	0	12750
0	0	12780
0	0	12810
0	0	12840
0	0	12870
0	0	12900
0	0	12930
0	0	12960
0	0	12990
0	0	13020
0	0	13050
0	0	13080
0	0	13110
0	0	13140
0	0	13170
0	0	13200
0	0	13230
0	0	13260
0	0	13290
0	0	13320
0	0	13350
0	0	13380
0	0	13410
0	0	13440
0	0	13470
0	0	13500
0	0	13530
0	0	13560
0	0	13590
0	0	13620
0	0	13650
0	0	13680
0	0	13710
0	0	13740
0	0	13770
0	0	13800
0	0	13830
0	0	13860
-1	0	13890
-1	0	13920
-1	0	13950
-1	0	13980
0	0	14010
0	0	14040
0	0	14070
0	0	14100
0	0	14130
0	0	14160
0	0	14190
0	0	14220
0	0	14250
0	0	14280
0	0	14310
0	0	14340
0	0	14370
0	0	14400
0	0	14430
0	0	14460
0	0	14490
0	0	14520
0	0	14550
0	0	14580
0	0	14610
0	0	14640
0	0	14670
0	0	14700
0	0	14730
0	0	14760
0	0	14790
0	0	14820
0	0	14850
0	0	14880
0	0	14910
0	0	14940
0	0	14970
0	0	15000
0	0	15030
0	0	15060
0	0	15090
0	0	15120
0	0	15150
0	0	15180
0	0	15210
0	0	15240
0	0	15270
0	0	15300
0	0	15330
0	0	15360
0	0	15390
0	0	15420
0	0	15450
0	0	15480
0	0	15510
0	0	15540
0	0	15570
0	0	15600
0	0	15630
1	0	15660
1	0	15690
1	0	15720
1	0	15750
1	0	15780
1	0	15810
1	0	15840
0	0	15870
0	0	15900
0	0	15930
0	0	15960
0	0	15990
-1	0	16020
-1	0	16050
-1	0	16080
0	0	16110
0	0	16140
0	0	16170
0	0	16200
0	0	16230
0	0	16260
1	0	16290
1	0	16320
1	0	16350
1	0	16380
0	0	16410
0	0	16440
0	0	16470
0	0	16500
0	0	16530
0	0	16560
0	0	16590
0	0	16620
0	0	16650
0	0	16680
0	0	16710
0	0	16740
0	0	16770
0	0	16800
0	0	16830
0	0	16860
0	0	16890
0	0	16920
0	0	16950
0	0	16980
0	0	17010
0	0	17040
-1	0	17070
-1	0	17100
-1	0	17130
0	0	17160
0	0	17190
0	0	17220
0	0	17250
0	0	17280
0	0	17310
0	0	17340
0	0	17370
1	0	17400
1	0	17430
0	0	17460
0	0	17490
0	0	17520
0	0	17550
0	0	17580
0	0	17610
0	0	17640
0	0	17670
0	0	17700
0	0	17730
0	0	17760
0	0	17790
0	0	17820
0	0	17850
1	0	17880
1	0	17910
1	0	17940
1	0	17970
1	0	18000
0	0	18030
0	0	18060
0	-10	18090
0	-10	18120
0	-10	18150
0	-10	18180
0	-10	18210
0	-10	18240
0	-10	18270
0	-10	18300
0	-10	18330
0	-10	18360
0	-10	18390
0	-10	18420
0	-10	18450
1	-10	18480
1	-10	18510
0	-10	18540
0	-10	18570
0	-10	18600
-1	-10	18630
-3	-10	18660
-5	-10	18690
-6	-10	18720
-8	-10	18750
-10	-10	18780
-11	-10	18810
-12	-10	18840
-13	-10	18870
-13	-10	18900
-12	-10	18930
-12	-10	18960
-11	-10	18990
-10	-10	19020
-10	-10	19050
-9	-10	19080
-8	-10	19110
-8	-10	19140
-8	-10	19170
-8	-10	19200
-8	-10	19230
-9	-10	19260
-9	-10	19290
-10	-10	19320
-10	-10	19350
-11	-10	19380
-12	-10	19410
-12	-10	19440
-12	-10	19470
-12	-10	19500
-12	-10	19530
-11	-10	19560
-10	-10	19590
-10	-10	19620
-9	-10	19650
-8	-10	19680
-8	-10	19710
-8	-10	19740
-8	-10	19770
-8	-10	19800
-9	-10	19830
-10	-10	19860
-10	-10	19890
-11	-10	19920
-12	-10	19950
-12	-10	19980
-12	-10	20010
-12	-10	20040
-12	-10	20070
-12	-10	20100
-11	-10	20130
-11	-10	20160
-10	-10	20190
-10	-10	20220
-9	-10	20250
-9	-10	20280
-9	-10	20310
-9	-10	20340
-9	-10	20370
-9	-10	20400
-9	-10	20430
-10	-10	20460
-11	-10	20490
-11	-10	20520
-11	-10	20550
-11	-10	20580
-11	-10	20610
-11	-10	20640
-10	-10	20670
-10	-10	20700
-9	-10	20730
-9	-10	20760
-9	-10	20790
-9	-10	20820
-8	-10	20850
-8	-10	20880
-8	-10	20910
-9	-10	20940
-9	-10	20970
-9	-10	21000
-9	-10	21030
-9	-10	21060
-9	-10	21090
-9	-10	21120
-9	-10	21150
-10	-10	21180
-10	-10	21210
-10	-10	21240
-9	-10	21270
-9	-10	21300
-9	-10	21330
-9	-10	21360
-8	-10	21390
-8	-10	21420
-8	-10	21450
-8	-10	21480
-8	-10	21510
-8	-10	21540
-9	-10	21570
-9	-10	21600
-10	-10	21630
-10	-10	21660
-10	-10	21690
-10	-10	21720
-11	-10	21750
-11	-10	21780
-10	-10	21810
-10	-10	21840
-10	-10	21870
-10	-10	21900
-10	-10	21930
-10	-10	21960
-9	-10	21990
-9	-10	22020
-9	-10	22050
-9	-10	22080
-9	-10	22110
-9	-10	22140
-9	-10	22170
-9	-10	22200
-9	-10	22230
-10	-10	22260
-10	-10	22290
-10	-10	22320
-10	-10	22350
-10	-10	22380
-10	-10	22410
-10	-10	22440
-10	-10	22470
-10	-10	22500
-10	-10	22530
-9	-10	22560
-9	-10	22590
-9	-10	22620
-9	-10	22650
-10	-10	22680
-9	-10	22710
-9	-10	22740
-9	-10	22770
-9	-10	22800
-9	-10	22830
-9	-10	22860
-9	-10	22890
-9	-10	22920
-9	-10	22950
-9	-10	22980
-9	-10	23010
-9	-10	23040
-9	-10	23070
-9	-10	23100
-8	-10	23130
-8	-10	23160
-8	-10	23190
-9	-10	23220
-9	-10	23250
-9	-10	23280
-9	-10	23310
-10	-10	23340
-10	-10	23370
-10	-10	23400
-10	-10	23430
-10	-10	23460
-9	-10	23490
-9	-10	23520
-9	-10	23550
-8	-10	23580
-8	-10	23610
-8	-10	23640
-8	-10	23670
-8	-10	23700
-8	-10	23730
-8	-10	23760
-8	-10	23790
-8	-10	23820
-8	-10	23850
-8	-10	23880
-9	-10	23910
-9	-10	23940
-9	-10	23970
-9	-10	24000
-9	-10	24030
-10	-10	24060
-10	-10	24090
-10	-10	24120
-10	-10	24150
-10	-10	24180
-10	-10	24210
-9	-10	24240
-9	-10	24270
-9	-10	24300
-9	-10	24330
-9	-10	24360
-9	-10	24390
-9	-10	24420
-9	-10	24450
-10	-10	24480
-10	-10	24510
-10	-20	24540
-10	-20	24570
-10	-20	24600
-10	-20	24630
-10	-20	24660
-10	-20	24690
-9	-20	24720
-9	-20	24750
-9	-20	24780
-9	-20	24810
-8	-20	24840
-8	-20	24870
-8	-20	24900
-8	-20	24930
-9	-20	24960
-9	-20	24990
-9	-20	25020
-9	-20	25050
-9	-20	25080
-9	-20	25110
-9	-20	25140
-10	-20	25170
-11	-20	25200
-11	-20	25230
-12	-20	25260
-13	-20	25290
-14	-20	25320
-16	-20	25350
-17	-20	25380
-18	-20	25410
-19	-20	25440
-20	-20	25470
-20	-20	25500
-20	-20	25530
-20	-20	25560
-20	-20	25590
-19	-20	25620
-19	-20	25650
-18	-20	25680
-18	-20	25710
-18	-20	25740
-18	-20	25770
-18	-20	25800
-18	-20	25830
-19	-20	25860
-20	-20	25890
-21	-20	25920
-21	-20	25950
-22	-20	25980
-22	-20	26010
-22	-20	26040
-22	-20	26070
-22	-20	26100
-21	-20	26130
-21	-20	26160
-20	-20	26190
-19	-20	26220
-19	-20	26250
-18	-20	26280
-18	-20	26310
-18	-20	26340
-18	-20	26370
-19	-20	26400
-19	-20	26430
-20	-20	26460
-20	-20	26490
-21	-20	26520
-21	-20	26550
-22	-20	26580
-21	-20	26610
-21	-20	26640
-21	-20	26670
-20	-20	26700
-20	-20	26730
-19	-20	26760
-19	-20	26790
-18	-20	26820
-18	-20	26850
-18	-20	26880
-18	-20	26910
-18	-20	26940
-19	-20	26970
-19	-20	27000
-20	-20	27030
-20	-20	27060
-21	-20	27090
-21	-20	27120
-21	-20	27150
-21	-20	27180
-21	-20	27210
-21	-20	27240
-21	-20	27270
-21	-20	27300
-20	-20	27330
-20	-20	27360
-20	-20	27390
-20	-20	27420
-20	-20	27450
-20	-20	27480
-20	-20	27510
-20	-20	27540
-20	-20	27570
-21	-20	27600
-21	-20	27630
-21	-20	27660
-21	-20	27690
-21	-20	27720
-21	-20	27750
-21	-20	27780
-21	-20	27810
-21	-20	27840
-21	-20	27870
-21	-20	27900
-21	-20	27930
-21	-20	27960
-21	-20	27990
-21	-20	28020
-21	-20	28050
-21	-20	28080
-20	-20	28110
-20	-20	28140
-20	-20	28170
-20	-20	28200
-20	-20	28230
-20	-20	28260
-20	-20	28290
-20	-20	28320
-20	-20	28350
-20	-20	28380
-20	-20	28410
-19	-20	28440
-19	-20	28470
-19	-20	28500
-19	-20	28530
-19	-20	28560
-18	-20	28590
-18	-20	28620
-18	-20	28650
-19	-20	28680
-19	-20	28710
-19	-20	28740
-19	-20	28770
-20	-20	28800
-20	-20	28830
-20	-20	28860
-20	-20	28890
-20	-20	28920
-20	-20	28950
-20	-20	28980
-20	-20	29010
-19	-20	29040
-19	-20	29070
-19	-20	29100
-19	-20	29130
-18	-20	29160
-18	-20	29190
-18	-20	29220
-18	-20	29250
-18	-20	29280
-18	-20	29310
-19	-20	29340
-19	-20	29370
-19	-20	29400
-19	-20	29430
-19	-20	29460
-20	-20	29490
-19	-20	29520
-19	-20	29550
-19	-20	29580
-19	-20	29610
-19	-20	29640
-18	-20	29670
-18	-20	29700
-18	-20	29730
-18	-20	29760
-18	-20	29790
-19	-20	29820
-19	-20	29850
-20	-20	29880
-20	-20	29910
-21	-20	29940
-21	-20	29970
-21	-20	30000
-20	-20	30030
-20	-20	30060
-20	-20	30090
-19	-20	30120
-19	-20	30150
-19	-20	30180
-18	-20	30210
-18	-20	30240
-18	-20	30270
-18	-20	30300
-18	-20	30330
-19	-20	30360
-19	-20	30390
-20	-20	30420
-20	-20	30450
-21	-20	30480
-21	-20	30510
-21	-20	30540
-20	-20	30570
-20	-20	30600
-20	-20	30630
-19	-20	30660
-19	-20	30690
-18	-20	30720
-18	-20	30750
-18	-20	30780
-18	-20	30810
-19	-20	30840
-19	-20	30870
-19	-20	30900
-20	-20	30930
-20	-20	30960
-20	-20	30990
-20	-20	31020
-20	-20	31050
-20	-20	31080
-20	-20	31110
-20	-20	31140
-20	-20	31170
-20	-20	31200
-20	-20	31230
-20	-20	31260
-20	-20	31290
-20	-20	31320
-20	-20	31350
-20	-20	31380
-20	-20	31410
-20	-20	31440
-20	-20	31470
-20	-20	31500
-20	-20	31530
-20	-20	31560
-21	-20	31590
-21	-20	31620
-21	-20	31650
-21	-20	31680
-21	-20	31710
-20	-20	31740
-20	-20	31770
-20	-20	31800
-20	-20	31830
-20	-20	31860
-20	-20	31890
-20	-20	31920
-20	-20	31950
-20	-20	31980
-21	-20	32010
-21	-20	32040
-21	-20	32070
-20	-20	32100
-20	-20	32130
-20	-20	32160
-20	-20	32190
-19	-20	32220
-19	-20	32250
-18	-20	32280
-18	-20	32310
-18	-20	32340
-18	-20	32370
-18	-20	32400
-18	-20	32430
-19	-20	32460
-19	-20	32490
-19	-20	32520
-20	-20	32550
-20	-20	32580
-20	-20	32610
-20	-20	32640
-20	-20	32670
-20	-20	32700
-19	-20	32730
-19	-20	32760
-19	-20	32790
-19	-20	32820
-18	-20	32850
-18	-20	32880
-18	-20	32910
-18	-20	32940
-18	-20	32970
-18	-20	33000
-19	-20	33030
-19	-20	33060
-19	-20	33090
-19	-20	33120
-19	-20	33150
-19	-20	33180
-19	-20	33210
-19	-20	33240
-19	-20	33270
-19	-20	33300
-18	-20	33330
-18	-20	33360
-18	-20	33390
-18	-20	33420
-19	-20	33450
-19	-20	33480
-19	-20	33510
-20	-20	33540
-20	-20	33570
-20	-20	33600
-20	-20	33630
-20	-20	33660
-20	-20	33690
-20	-20	33720
-20	-20	33750
-19	-20	33780
-19	-20	33810
-19	-20	33840
-19	-20	33870
-18	-20	33900
-19	-20	33930
-19	-20	33960
-19	-20	33990
-19	-20	34020
-20	-20	34050
-20	-20	34080
-20	-20	34110
-20	-20	34140
-20	-20	34170
-20	-20	34200
-20	-20	34230
-20	-20	34260
-19	-20	34290
-18	-20	34320
-18	-20	34350
-18	-20	34380
-18	-20	34410
-18	-20	34440
-18	-20	34470
-19	-20	34500
-18	-20	34530
-18	-20	34560
-19	-20	34590
-19	-20	34620
-19	-20	34650
-20	-20	34680
-20	-20	34710
-20	-20	34740
-20	-20	34770
-20	-20	34800
-19	-20	34830
-19	-20	34860
-19	-20	34890
-19	-20	34920
-19	-20	34950
-19	-20	34980
-19	-20	35010
-19	-20	35040
-20	-20	35070
-20	-20	35100
-20	-20	35130
-20	-20	35160
-20	-20	35190
-20	-20	35220
-20	-20	35250
-20	-20	35280
-20	-20	35310
-20	-20	35340
-20	-20	35370
-20	-20	35400
-20	-20	35430
-20	-20	35460
-20	-20	35490
-19	-20	35520
-19	-20	35550
-19	-20	35580
-18	-20	35610
-18	-20	35640
-18	-20	35670
-19	-20	35700
-19	-20	35730
-19	-20	35760
-19	-20	35790
-20	-20	35820
-20	-20	35850
-21	-20	35880
-21	-20	35910
-20	-20	35940
-20	10	35970
-20	10	36000
-20	10	36030
-19	10	36060
-19	10	36090
-19	10	36120
-19	10	36150
-18	10	36180
-19	10	36210
-19	10	36240
-19	10	36270
-19	10	36300
-20	10	36330
-20	10	36360
-20	10	36390
-20	10	36420
-20	10	36450
-20	10	36480
-20	10	36510
-19	10	36540
-19	10	36570
-19	10	36600
-19	10	36630
-18	10	36660
-18	10	36690
-18	10	36720
-18	10	36750
-19	10	36780
-19	10	36810
-20	10	36840
-20	10	36870
-20	10	36900
-20	10	36930
-18	10	36960
-17	10	36990
-15	10	37020
-13	10	37050
-10	10	37080
-8	10	37110
-4	10	37140
-1	10	37170
5	10	37200
5	10	37230
9	10	37260
12	10	37290
17	10	37320
17	10	37350
19	10	37380
21	10	37410
21	10	37440
21	10	37470
20	10	37500
19	10	37530
18	10	37560
16	10	37590
15	10	37620
14	10	37650
12	10	37680
10	10	37710
8	10	37740
7	10	37770
6	10	37800
7	10	37830
7	10	37860
8	10	37890
9	10	37920
10	10	37950
12	10	37980
13	10	38010
15	10	38040
16	10	38070
17	10	38100
17	10	38130
17	10	38160
16	10	38190
14	10	38220
13	10	38250
11	10	38280
10	10	38310
9	10	38340
8	10	38370
7	10	38400
7	10	38430
7	10	38460
8	10	38490
9	10	38520
10	10	38550
11	10	38580
12	10	38610
13	10	38640
14	10	38670
15	10	38700
15	10	38730
16	10	38760
15	10	38790
15	10	38820
14	10	38850
12	10	38880
11	10	38910
10	10	38940
9	10	38970
8	10	39000
8	10	39030
8	10	39060
8	10	39090
9	10	39120
9	10	39150
10	10	39180
11	10	39210
11	10	39240
12	10	39270
13	10	39300
13	10	39330
13	10	39360
13	10	39390
13	10	39420
12	10	39450
12	10	39480
11	10	39510
10	10	39540
9	10	39570
9	10	39600
9	10	39630
9	10	39660
9	10	39690
10	10	39720
10	10	39750
10	10	39780
11	10	39810
11	10	39840
11	10	39870
11	10	39900
11	10	39930
11	10	39960
11	10	39990
10	10	40020
10	10	40050
9	10	40080
9	10	40110
8	10	40140
8	10	40170
8	10	40200
7	10	40230
7	10	40260
8	10	40290
8	10	40320
9	10	40350
9	10	40380
10	10	40410
10	10	40440
11	10	40470
11	10	40500
11	10	40530
12	10	40560
12	10	40590
11	10	40620
11	10	40650
11	10	40680
11	10	40710
11	10	40740
10	10	40770
10	10	40800
9	10	40830
9	10	40860
9	10	40890
8	10	40920
8	10	40950
9	10	40980
9	10	41010
9	10	41040
9	10	41070
10	10	41100
10	10	41130
10	10	41160
11	10	41190
11	10	41220
11	10	41250
11	10	41280
11	10	41310
11	10	41340
11	10	41370
11	10	41400
10	10	41430
10	10	41460
10	10	41490
9	10	41520
9	10	41550
9	10	41580
9	10	41610
9	10	41640
9	10	41670
9	10	41700
9	10	41730
10	10	41760
10	10	41790
10	10	41820
10	10	41850
10	10	41880
10	10	41910
10	10	41940
10	10	41970
10	10	42000
10	10	42030
11	10	42060
11	10	42090
10	10	42120
10	10	42150
10	10	42180
10	10	42210
10	10	42240
10	10	42270
10	10	42300
10	10	42330
10	10	42360
10	10	42390
10	10	42420
10	10	42450
10	10	42480
10	10	42510
10	10	42540
10	10	42570
11	10	42600
11	10	42630
11	10	42660
11	10	42690
11	10	42720
11	10	42750
11	10	42780
10	10	42810
10	10	42840
10	10	42870
10	10	42900
9	10	42930
9	10	42960
9	10	42990
9	10	43020
9	10	43050
10	10	43080
9	10	43110
9	10	43140
9	10	43170
9	10	43200
9	10	43230
9	10	43260
9	10	43290
9	10	43320
9	10	43350
8	10	43380
8	10	43410
8	10	43440
8	10	43470
8	10	43500
8	10	43530
8	10	43560
9	10	43590
9	10	43620
9	10	43650
9	10	43680
10	10	43710
10	10	43740
10	10	43770
10	10	43800
10	10	43830
10	10	43860
9	10	43890
9	10	43920
9	10	43950
9	10	43980
9	10	44010
9	10	44040
9	10	44070
9	10	44100
9	10	44130
9	10	44160
10	10	44190
10	10	44220
10	10	44250
11	10	44280
11	10	44310
11	10	44340
11	10	44370
11	10	44400
11	10	44430
10	10	44460
10	10	44490
10	10	44520
10	10	44550
9	10	44580
9	10	44610
9	10	44640
9	10	44670
9	10	44700
9	10	44730
9	10	44760
9	10	44790
9	10	44820
9	10	44850
9	10	44880
9	10	44910
9	10	44940
9	10	44970
9	10	45000
9	10	45030
8	10	45060
8	10	45090
8	10	45120
8	10	45150
8	10	45180
8	10	45210
8	10	45240
8	10	45270
8	10	45300
9	60	45330
9	60	45360
9	60	45390
9	60	45420
9	60	45450
9	60	45480
10	60	45510
10	60	45540
10	60	45570
10	60	45600
10	60	45630
9	60	45660
9	60	45690
10	60	45720
10	60	45750
11	60	45780
11	60	45810
11	60	45840
11	60	45870
11	60	45900
11	60	45930
11	60	45960
11	60	45990
11	60	46020
10	60	46050
10	60	46080
9	60	46110
9	60	46140
9	60	46170
9	60	46200
9	60	46230
9	60	46260
8	60	46290
8	60	46320
8	60	46350
8	60	46380
9	60	46410
9	60	46440
9	60	46470
11	60	46500
11	60	46530
11	60	46560
13	60	46590
14	60	46620
16	60	46650
18	60	46680
21	60	46710
24	60	46740
28	60	46770
32	60	46800
37	60	46830
42	60	46860
46	60	46890
51	60	46920
56	60	46950
61	60	46980
66	60	47010
68	60	47040
70	60	47070
72	60	47100
72	60	47130
72	60	47160
71	60	47190
69	60	47220
67	60	47250
65	60	47280
63	60	47310
61	60	47340
59	60	47370
58	60	47400
57	60	47430
57	60	47460
57	60	47490
58	60	47520
60	60	47550
61	60	47580
63	60	47610
65	60	47640
66	60	47670
67	60	47700
67	60	47730
67	60	47760
66	60	47790
65	60	47820
64	60	47850
63	60	47880
62	60	47910
62	60	47940
61	60	47970
61	60	48000
60	60	48030
60	60	48060
61	60	48090
62	60	48120
63	60	48150
64	60	48180
64	60	48210
65	60	48240
65	60	48270
65	60	48300
65	60	48330
65	60	48360
64	60	48390
64	60	48420
63	60	48450
62	60	48480
61	60	48510
60	60	48540
60	60	48570
60	60	48600
60	60	48630
61	60	48660
61	60	48690
62	60	48720
62	60	48750
63	60	48780
63	60	48810
63	60	48840
63	60	48870
63	60	48900
62	60	48930
62	60	48960
62	60	48990
61	60	49020
61	60	49050
60	60	49080
60	60	49110
60	60	49140
60	60	49170
60	60	49200
60	60	49230
61	60	49260
61	60	49290
61	60	49320
62	60	49350
63	60	49380
63	60	49410
63	60	49440
63	60	49470
62	60	49500
62	60	49530
62	60	49560
61	60	49590
61	60	49620
61	60	49650
61	60	49680
62	60	49710
62	60	49740
62	60	49770
62	60	49800
62	60	49830
62	60	49860
63	60	49890
63	60	49920
63	60	49950
63	60	49980
63	60	50010
62	60	50040
61	60	50070
61	60	50100
61	60	50130
61	60	50160
60	60	50190
60	60	50220
59	60	50250
59	60	50280
59	60	50310
60	60	50340
60	60	50370
60	60	50400
60	60	50430
61	60	50460
60	60	50490
60	60	50520
60	60	50550
60	60	50580
61	60	50610
61	60	50640
61	60	50670
60	60	50700
60	60	50730
60	60	50760
61	60	50790
62	60	50820
62	60	50850
62	60	50880
62	60	50910
62	60	50940
62	60	50970
61	60	51000
61	60	51030
61	60	51060
61	60	51090
60	60	51120
60	60	51150
60	60	51180
60	60	51210
60	60	51240
60	60	51270
60	60	51300
60	60	51330
60	60	51360
60	60	51390
60	60	51420
61	60	51450
61	60	51480
61	60	51510
61	60	51540
60	60	51570
60	60	51600
60	60	51630
60	60	51660
61	60	51690
61	60	51720
61	60	51750
61	60	51780
61	60	51810
61	60	51840
61	60	51870
61	60	51900
61	60	51930
61	60	51960
61	60	51990
61	60	52020
60	60	52050
60	60	52080
60	60	52110
60	60	52140
59	60	52170
59	60	52200
59	60	52230
58	60	52260
58	60	52290
58	60	52320
58	60	52350
58	60	52380
58	60	52410
58	60	52440
58	60	52470
58	60	52500
58	60	52530
59	60	52560
59	60	52590
59	60	52620
59	60	52650
60	60	52680
60	60	52710
61	60	52740
61	60	52770
62	60	52800
62	60	52830
62	60	52860
62	60	52890
61	60	52920
61	60	52950
61	60	52980
61	60	53010
61	60	53040
61	60	53070
62	60	53100
62	60	53130
62	60	53160
63	60	53190
63	60	53220
62	60	53250
62	60	53280
61	60	53310
61	60	53340
60	60	53370
60	60	53400
60	60	53430
60	60	53460
60	60	53490
59	60	53520
59	60	53550
59	60	53580
59	60	53610
59	60	53640
59	60	53670
60	60	53700
60	60	53730
60	60	53760
61	60	53790
61	60	53820
60	60	53850
60	60	53880
60	60	53910
60	60	53940
60	60	53970
60	60	54000
60	60	54030
59	60	54060
59	60	54090
58	60	54120
58	60	54150
58	60	54180
59	60	54210
59	60	54240
59	60	54270
59	60	54300
60	60	54330
60	60	54360
60	60	54390
60	60	54420
60	60	54450
59	60	54480
59	60	54510
59	60	54540
60	60	54570
60	60	54600
60	60	54630
60	60	54660
60	60	54690
60	60	54720
59	60	54750
60	60	54780
60	60	54810
60	60	54840
60	60	54870
60	60	54900
60	60	54930
61	60	54960
62	60	54990
62	60	55020
61	60	55050
61	60	55080
60	60	55110
59	60	55140
60	60	55170
60	60	55200
60	60	55230
60	60	55260
60	60	55290
60	60	55320
60	60	55350
61	60	55380
61	60	55410
61	60	55440
61	60	55470
60	60	55500
60	60	55530
60	60	55560
60	60	55590
60	60	55620
60	60	55650
59	60	55680
59	60	55710
59	60	55740
59	60	55770
59	60	55800
60	60	55830
59	60	55860
59	60	55890
60	60	55920
60	60	55950
60	60	55980
60	60	56010
60	60	56040
60	60	56070
60	60	56100
60	60	56130
59	60	56160
59	60	56190
59	60	56220
59	60	56250
59	60	56280
60	60	56310
60	60	56340
61	60	56370
61	60	56400
61	60	56430
61	60	56460
61	60	56490
61	60	56520
61	60	56550
61	60	56580
61	60	56610
60	60	56640
60	60	56670
60	60	56700
60	60	56730
60	60	56760
60	60	56790
59	60	56820
59	60	56850
59	60	56880
59	60	56910
59	60	56940
60	60	56970
60	60	57000
60	60	57030
60	60	57060
60	60	57090
60	60	57120
60	60	57150
60	60	57180
60	60	57210
59	60	57240
59	60	57270
59	60	57300
59	60	57330
59	60	57360
59	60	57390
59	60	57420
59	60	57450
60	60	57480
60	60	57510
60	60	57540
61	60	57570
61	60	57600
61	60	57630
62	60	57660
62	60	57690
62	60	57720
62	60	57750
61	60	57780
60	60	57810
60	60	57840
60	60	57870
60	60	57900
60	60	57930
59	60	57960
59	60	57990
59	60	58020
60	60	58050
60	60	58080
60	60	58110
60	60	58140
60	60	58170
60	60	58200
60	60	58230
60	60	58260
60	60	58290
60	60	58320
60	60	58350
61	60	58380
61	60	58410
61	60	58440
61	60	58470
60	60	58500
60	60	58530
60	60	58560
60	60	58590
60	60	58620
60	60	58650
60	60	58680
59	60	58710
59	60	58740
58	60	58770
58	60	58800
58	60	58830
58	60	58860
58	60	58890
57	60	58920
57	60	58950
57	60	58980
57	60	59010
57	60	59040
57	60	59070
57	60	59100
57	60	59130
57	60	59160
57	60	59190
58	60	59220
58	60	59250
58	60	59280
58	60	59310
57	60	59340
57	60	59370
57	60	59400
58	60	59430
58	60	59460
59	60	59490
59	60	59520
59	60	59550
59	60	59580
59	60	59610
59	60	59640
59	60	59670
60	60	59700
60	60	59730
60	60	59760
59	60	59790
59	60	59820
59	60	59850
60	60	59880
60	60	59910
60	60	59940
60	60	59970
60	60	60000
60	60	60030
60	60	60060
60	60	60090
60	60	60120
60	60	60150
60	60	60180
59	60	60210
60	60	60240
60	60	60270
60	60	60300
60	60	60330
61	60	60360
61	60	60390
61	60	60420
61	60	60450
61	60	60480
61	60	60510
61	60	60540
61	60	60570
61	60	60600
61	60	60630
60	60	60660
60	60	60690
60	60	60720
60	60	60750
60	60	60780
59	60	60810
60	60	60840
60	60	60870
60	60	60900
60	60	60930
60	60	60960
60	60	60990
60	60	61020
60	60	61050
60	60	61080
61	60	61110
60	60	61140
60	60	61170
60	60	61200
60	60	61230
60	60	61260
59	60	61290
60	60	61320
60	60	61350
59	60	61380
59	60	61410
59	60	61440
59	60	61470
59	60	61500
60	60	61530
60	60	61560
60	60	61590
60	60	61620
60	60	61650
60	60	61680
60	60	61710
60	60	61740
60	60	61770
60	60	61800
60	60	61830
60	60	61860
60	60	61890
60	60	61920
60	60	61950
60	60	61980
60	60	62010
59	60	62040
60	60	62070
61	60	62100
61	60	62130
61	60	62160
61	60	62190
61	60	62220
60	60	62250
60	60	62280
60	60	62310
60	60	62340
61	60	62370
61	60	62400
61	60	62430
61	60	62460
61	60	62490
61	60	62520
61	60	62550
61	60	62580
60	60	62610
60	60	62640
60	60	62670
60	60	62700
60	60	62730
60	60	62760
60	60	62790
60	60	62820
60	60	62850
61	60	62880
61	60	62910
60	60	62940
60	60	62970
60	60	63000
61	60	63030
